
Thread0: 100000   976   941  1005   997   994   969  1009  1035  1019  1031   982  1053  1012   989  1026   997  1015   963  1007  1000  1017  1002  1021  1020  1022   973  1000   943   991   969  1058  1054   989   992   994   939   975   993  1021  1008  1061  1022   958  1042   995  1023   982  1057  1005   968  1018  1031  1056   973  1059  1021  1008  1001   993  1003   998   947  1033   970  1046  1003   997   980  1023  1047   946  1028  1015   963  1035   972   979  1003   972   949  1000   942   959   988  1014  1005  1015   971  1004   986   980  1016  1024   966  1030   994  1017   974  1011   921 

Thread1: 100000  1002  1011   993   950  1014   987   975  1049   970  1014   977   994   998   923   989  1054   995   960   981   995   962  1007  1058   986   993  1021   996   963  1076  1049   968  1013   983   989  1062  1075   981  1022  1020  1026  1006   969   984   963  1005   980   971  1009   958   983  1018  1002   915  1042  1005   993   994   993   971   998  1004  1009   954  1010   972  1018  1039  1029  1033   974  1034  1018   948   965  1001  1006   962   997  1069  1018  1053  1041  1044   985   966  1008   972  1060  1044  1018   992   945  1029  1024   993   988  1024   982   943   989 

Thread2: 100000   956   991   991  1049   987   973   987  1031   977  1003   972   963  1026   998  1040  1046   952  1028  1005  1006   984   962  1081  1010  1043   959   978   951  1044   957  1011  1026  1070  1025  1051  1044  1000   971   995  1048   959  1055  1009   984  1015  1022   926  1003  1048  1036  1017  1016   998  1007  1027  1004  1046  1005  1028   959   987   938   956  1013   980   998  1020   979   942  1049  1003  1018   954  1005   971   995   980  1040  1016   994   940   972   985   967  1024   975  1008   968   985  1019  1026  1005   948   967  1005   999  1008  1019  1013   974 

Thread3: 100000   968   944  1034   984   996   962  1011  1002   958  1040  1021   977   973  1056  1046   999   951  1012   989   973   969  1024  1008  1041  1054  1010   964   987  1017   987  1015   973  1000   974  1005  1063  1008  1002  1065  1009  1031  1001   962  1012  1067  1048   952  1014  1014   978   960   990   977   952   983  1017   990   951  1046   983   978   970  1019   994   984   993  1028   980  1003  1015   961   994   929  1006  1007  1046   999  1009   958  1025  1013   953   978  1021  1039  1044  1007   983   951   996  1014  1056  1016  1046  1029   979   984  1000  1018   976 

Thread4: 100000   993   994   975   995   959   951  1001   990   965   978  1000  1043   982   995  1003  1001  1041   945   992  1031   978  1001   996  1016   999  1001  1020  1042   988  1047   965   978  1004   978  1029  1053   950  1027  1057   991  1040   932   958   964   967   986  1012  1005  1022  1006   946  1046   980   990  1064  1007   999  1012  1047   972   994  1079   989  1003   981   954  1048  1066  1013   993  1009   999   966   977   995  1000  1040  1063   980  1037  1034  1006  1055  1008  1002   931  1003   978   962   966  1035  1024  1029   925   981  1005   974   964   994  1029 

Thread5: 100000  1001   984  1012   989  1005   968   972   982  1029   991  1018   991  1011  1018   973   983   954  1002  1010   998   964  1021   991   993  1003  1040   968   995  1001  1018   986   994   991   964   990   999   989   984  1024   988  1081   993  1034  1046   951   984  1039  1000  1032   997  1015   973   997   944  1034   972  1026  1006   970  1022   999  1023   984   970  1001   942   930  1060   977  1057  1042   973  1021  1015  1023  1029  1020   990   951  1077   976  1018  1003  1014  1047   941  1003   985  1016   967  1009  1001   988  1028  1017   965   992  1038   955  1043 

Thread6: 100000  1026   970   961   965   956  1006  1002  1012   982   956   998  1013  1025  1004  1046  1004   958   987   981   968   971   989   988   946  1037   986  1008  1040  1033  1002  1034   968  1042  1042   939  1055  1019   997  1002   995  1055  1056   992  1014   990   963   978  1092   975  1037   957   972   949   981  1057   994   926   964  1031  1011  1006   981  1004   974   995   959  1002  1055  1000   989  1028  1044  1006   999  1019   953   984  1036   981  1026   969  1052  1023   973  1008   997  1018   954   998   975  1029  1044   965  1045  1038  1028  1000   983   974   979 

Thread7: 100000  1031   958  1013   979   970  1014   948   947   927   983  1008  1032  1036  1018  1017   948   929  1042  1027   992   996   946   967  1005   975  1016  1032  1005   999  1014   965   985  1012  1006  1002  1037  1004  1047   993  1012   970   979   953   996  1044  1043   954  1016  1012  1024  1019  1064   966  1011  1025   971   998   968   929   950   953   998  1042   971   959  1119  1029  1063   996  1011  1037   972  1045   999  1004  1047  1015   993  1024   997   972  1002  1030   981  1001   944  1024  1000  1022   977  1008  1014   987  1013   989  1014   960  1014   997  1048 

Thread8: 100000  1013  1051   966  1061  1022  1015  1025   981   983   972  1010   990  1027  1002   952  1038  1010   973  1005  1082   993   983   984   984  1006  1006  1012  1060   976  1009   994   984  1006  1024  1014  1033  1016   972  1006  1028   982   982  1001   947  1036   982  1008   955  1017   996  1003   992  1014  1021  1011   977   973   979   956  1005  1039   976   966   990   983  1005   961   969   995  1060   939  1017   974   983   974   972  1031  1032   999   979  1015   979  1008   935   989  1066  1029   970  1006  1033   912  1014   994   954   964  1098  1010  1052  1008  1015 

Thread9: 100000  1011  1027   974  1020   974  1003   920   990   997  1019   995   982  1000   945   986   933   947   993  1051   990  1041  1066  1044   992   984  1031  1005   999  1043   952  1007  1015   979  1011  1004   944  1006  1034   989  1009   960  1023   970  1043   971  1004  1033   980  1007  1021  1025   941  1021   974   986  1049  1017   949   975   999  1078   981  1022  1070  1029   971   982   992  1008  1033   945   991  1007   963   987  1055   993   947   988  1018   981  1025   998  1003   988  1066  1035   998  1004   992   973  1012  1011   983   991   965  1002  1035  1026   992 

Result: 1000000  9977  9871  9924  9989  9877  9848  9850 10019  9807  9987  9981 10038 10090  9948 10078 10003  9752  9905 10048 10035  9875 10001 10138  9993 10116 10043  9983  9985 10168 10004 10003  9990 10076 10005 10090 10242  9948 10049 10172 10114 10145 10012  9821 10011 10041 10035  9855 10131 10090 10046  9978 10027  9873  9895 10251 10005  9977  9828  9946  9902 10036  9902  9969  9965  9930  9962 10036 10173  9990 10228  9944 10054  9865  9875 10016 10075 10003 10110  9938 10120  9953  9990 10083  9875 10078  9977 10114  9867  9992  9929  9978 10131  9991  9951 10037 10035  9971 10061  9939  9966 